0001000010100011000000101000110
0100100011001000011000000001100
0011011000110101000010010000001
0000100001001001010000100111000
1111000001101011000110010000100
1000000001100010011100101010110
0000000111000000001100010001000
1010001001001000100011011000000
0010000000000010000001101010000
1001010000001101000100101001000
0100001000010010000010011100101
0110000000000000000000010111010
0010000001010000001001110000000
1011100110011100001000000001001
0000010001000000010101000100001
0000110010110010110010100001000
0100100100000010011010100001101
0000010000010110001010110100000
0100010011000001000000000101000
0000010000000010000000010010010
1000000110000100101000100010000
1000000101000000011010010101000
0001110001101000000000010001000
0001011000100000010110000101000
1000100000100000000100100001101
1101000011000110111101100000001
0010010001010000000101101000000
1100000000010110000101000100000
1100100000010000100000100010000
0000001101010000010101110001000
1100000001000000101001000101100
1000010000100101001010000000000
0001000010101010000011010010110
0000001010100001000110100100000
0011001011000010001000001001011
0100010101100110000000010100010
1101101100001010000110111000000
1000000000001000011001000000100
0001100100000100001000010100110
0100101100110010000000001000001
0110000001101010000001100001000
0000011010000100010000000000011
0010000010011000101001000000000
0001011110010111000001000001100
0000010011001011100000000101000
1001010000010000010001000100001
0100000000000100100000000011000
0001010100000001000000000000001
0110100100010000000010110101010
0000100001000000010000001010000
1101001100000110010001000010010
1000000000101001110001000010010
0000110111000100000000110001011
0100010011011000000000001100011
0000010110000000010100000001100
0000010000001001001000101000100
0000010000010100101110000001111
0000000010000000100000000000100
0001011001000011111100101000100
1000110001111001100000110001000
0100000001011100101100100101010
0000100100001100000100000000101
0100100001100100000000100010001
1010010100011000100000000001010
1101111000011000010001101111000
0011000000110000100000100010010
0001000000100100010010100001010
0000001000100001100001011000000
0110001000000000111100100001001
0001001010000001000001010101000
0000000000010000000100000000110
1010000100001011010001000101000
1001000001001001010001000000001
0000010101100010000000000001011
0010101000100010011101000001000
0000100000110000000100000010000
0101000010110000001101010000010
0000010110000010100010000100001
0001000000010010101110101110000
0100010010010000100011101011000
0100001000000001000000000011000
1101000000100101000000000010100
0001001000000010110011100001010
0100000100000000001001000000000
0001100011010000000100100001000
0000010110000101010001000000010
0001010010100000001000001100100
0101000000010100000000001000101
1000000001000100001110100010000
0011000010101000001110101000000
0010000010100010100000101000000
0100000110000001000011010100001
0001100000000001011111000100100
1000010000001100000000000001000
0000001000001000110010100001001
0011101011101011010110010000010
1000100001010000100110001000101
0001000010001010000001000000100
1000000100000101001000000001000
0001100011000110011100011101000
1001000100010000010011100011000
0100000100000001000010000110000
0000001000000110101000000101000
0010000101000000000010010001001
1110001000000000000001000000000
0111011001010010000010101100001
0010000001011000011000000100001
0110000111010010100000000000001
0011001001010100001001101001001
1101000001100010010001001010100
0101000000000000001010001000000
1000011000100001001000100000000
0001001001010000000010010010011
0001101010100001000000010000100
0110100000010110000000010001100
0101100100000111001010000001001
1000010010000001000011000100101
0011000010110001001011000011001
1000010010001000000010001000000
1010000001000010100000000000000
0011001001010000000101010001100
0001101100000010010110100000001
0110000000001000000000000101000
0000000010001000001000010000100
1000011000100000000100000011000
0111000010010100000010000101000
1010000000000010001000010010101
0100001101110001011000011001001
0000000010000000000000101000101
1011001011000011000000010000000
0100000100101100110000010000000
0000101000000101000000000000010
0010100000001000100000011001000
0000001100111000011010111001101
0010010110001000100001011001001
1011000110110101000000001000000
0001010000000110000100000001000
0100001011010010000000100000110
1001000110111100111000001000000
0010001100010001010000001000101
0110110100010000010110011000000
0100010101101110010001000100000
0100110010000110110000110000110
0010001100001001110000000011000
0100100101000010100010100000010
0110000010001001001001000111000
0100010000100100000000000111000
0000010000000000011010000001000
0000010000110000001100101000000
0101001001000101001001100101000
0010011111010010101000001010000
1000000101101000000101000000100
0100000000000000010010100000001
0001100011000001101100000010011
1000000011010000000000010000100
1000110100010100100111000110000
1001100100100000010100011100101
0101001110110011000001000000000
1101001101000000000010000000100
0111001100001100100100011000000
0000000010011011000010000100000
0000010101000000001000100001010
0010010100000101100001100000000
0001000000000000000000001000010
0010000100111011000000100101011
0000010100001000000100010000001
1110001100000001010100000100001
0010011101100100100001100000001
1000101110010001011001100000000
0010010000100000000000110010000
0100000000000011001000110100100
0100000001010000000001100100100
0000101110100011000010101100000
1000000010000000010010110000001
1000001110000100001001000010000
0000000000010001000000001000001
0011000100010110001101010010001
1101100100000001100000000001001
0000000000001000001000100100001
0000010100000010001001010001001
0000000000001101100000110001001
1101001001010000001000000100110
0010010000000001000100101010000
1001000000001000000011101000000
0001010100001000000101000100000
1000000000000000100010000001100
1110100010000001100000100110110
1011000110000000111011000000000
0101000000000100100000100000000
0011001000000000000100000100011
0000001110001010001001000110000
1000000000101011000000000110000
0100001100001000011000010110000
0100011010001000000010001000011
1000000000000000010000001100000
1100100000010100000000011000110
0001010100010010011001000010100
0110000000010100000011000100100
0001100001010000011001000000000
0000000011101010000111011010000
0000000000000100001110100101000
0100000000000110000100010000000
1001000000010000011001000000000
0010100100001100011010000000101
1011101000000000100100000000010
0000000100000000011000011010011
0110001110000000000100001010011
0100000100000011001000100000000
1100100111000000001000000010000
0000000010001011000000000001010
0000010010011100000000000001001
0001111110110000010001000000100
0100010000111000111000000101100
0001101111000000000100010001100
0011000010000000100000100100000
1011000010100000000100000110000
0000010101110000000000010001101
0000000000000111000000001000000
0001001000110100001001101000001
0000101000001000100000011100110
0000000010000000100100000000000
0000101000100000010100000111000
0010000000000000111101100000100
0000000000100010100000000000000
0010100000000000101001100011001
0000000100010000000010011000011
1000100000101011000101010001001
0000010010000101110100000101001
0000101010001000000000000000001
1001000000001101110000100001000
0011000110000000000000011000010
0001010001010001100000000100010
1100110100101010010100010101011
0010100100001001011100000000010
0010000010010010000000010000000
0001000100000011000111000001100
1000010110000010110011001001000
0000001100101010010111000100010
0110000011000000000000101000000
0010100000000110000100101111010
0100001110010000000100000000000
1100000000000100100010000010100
0100100001001000010100000000010
0101110000100000110000011000000
0101000000010000000101110100010
0001110010010000100111101100001
0000000000110001000100000000000
0100000101001100110001100100000
1100000001010001001110010011000
0010110000001110010000000010011
0000111000100000000001010010100
1001010011000000011000010100110
0100010001001000010001110000000
0110101010000010000010101000001
0001101000001001010001011110100
1000110000011110010111011001011
0011100110000111110000001100000
1110000000000000010100000000001
1000110000001100001000100110010
0100100010000110110000010000110
0001010001001001000000010110000
0100010010000000101101001000101
0100101100010001000000000000010
0101010000110010101010100000011
0010000101000110110100010101010
0001001001100000000011001000001
0000100000000001010000000100000
0000000010000101001000001010100
0100010000000100101100000000010
1100000010000010000000000010100
0000100001100010011111011110001
0000011000010000100100000100110
0100010100111000010000001000100
0101010100000110000000000100001
0001000001000001001000000000000
0001010010000010000000000000100
0000001000010100000101100010010
0001000010100011001000011100000
0001001000000000000110001101100
0010000100000000000000100000100
0100100000001010110000001011100
0010001000000000100100000100000
1000000000010000011000000000000
1101010100001100000010010000101
0100100000101001000001001100000
0001010000010010010010110111000
0001101000001000001000000010000
0000000000000000000001101000100
0001010001000100011100100101000
1000011001110100011010000001001
0110001100110001100000011010000
0000000000001000001011010110101
0100011010000000000111000000100
0000011000001100001010000110010
0001000010000010000100000101000
0000000000000000110100010000110
1001110000000100000011100000010
1110010000000001010100000100001
0010100000010000101000000110001
1000100000010101010010001001110
0100010010001100100011000011100
1010101001110000000000000000101
0001011110000110100000100100000
1010001100101000111010010001000
1001111000000001010010001100110
0010011100100000000001101110001
0000010011101010000100001100001
0111001010100001000110000000110
1001000000000010000000000000001
0101000100000101110011000000110
1000100010001100011000001100100
0000011001110000000000010000000
0000000011100110000000010011001
1000010001100110010101011100010
0100100000011010010001000000000
0100001011000000000000000000000
1011011000000000001011110010000
0000001100001001000001010000100
0000110100000000101010101001001
0100110011001000001000101000001
0001001010000010010011000011001
0010000100000100000000100000100
1010100100101001000111010100001
